dMaxGradAmpl=25.22;
NumberOfLaunTrackPoints=0;
NumberOfLoopPoints=227;
NumberOfBrakeRunPoints=57;
dGradientValues{1}(1) = complex(0,0);
dGradientValues{1}(2) = complex(0.0016018,3.8184e-006);
dGradientValues{1}(3) = complex(0.00947399,0.000133424);
dGradientValues{1}(4) = complex(0.0184993,0.000771598);
dGradientValues{1}(5) = complex(0.0269094,0.00233602);
dGradientValues{1}(6) = complex(0.0345734,0.00514059);
dGradientValues{1}(7) = complex(0.0413325,0.00939016);
dGradientValues{1}(8) = complex(0.0469923,0.0151837);
dGradientValues{1}(9) = complex(0.0513277,0.0225193);
dGradientValues{1}(10) = complex(0.0540955,0.0312997);
dGradientValues{1}(11) = complex(0.0550507,0.04134);
dGradientValues{1}(12) = complex(0.0539647,0.052376);
dGradientValues{1}(13) = complex(0.0506422,0.0640752);
dGradientValues{1}(14) = complex(0.0449368,0.0760494);
dGradientValues{1}(15) = complex(0.0367644,0.0878685);
dGradientValues{1}(16) = complex(0.0261121,0.0990772);
dGradientValues{1}(17) = complex(0.0130448,0.10921);
dGradientValues{1}(18) = complex(-0.00229242,0.11781);
dGradientValues{1}(19) = complex(-0.019676,0.124442);
dGradientValues{1}(20) = complex(-0.0388081,0.128709);
dGradientValues{1}(21) = complex(-0.059324,0.130268);
dGradientValues{1}(22) = complex(-0.080802,0.128836);
dGradientValues{1}(23) = complex(-0.102775,0.124204);
dGradientValues{1}(24) = complex(-0.124744,0.11624);
dGradientValues{1}(25) = complex(-0.146192,0.104896);
dGradientValues{1}(26) = complex(-0.166595,0.0902077);
dGradientValues{1}(27) = complex(-0.18544,0.0722918);
dGradientValues{1}(28) = complex(-0.202237,0.0513454);
dGradientValues{1}(29) = complex(-0.216526,0.0276396);
dGradientValues{1}(30) = complex(-0.227897,0.00151172);
dGradientValues{1}(31) = complex(-0.235988,-0.0266421);
dGradientValues{1}(32) = complex(-0.240503,-0.0563773);
dGradientValues{1}(33) = complex(-0.24121,-0.0872106);
dGradientValues{1}(34) = complex(-0.237948,-0.118631);
dGradientValues{1}(35) = complex(-0.230628,-0.150111);
dGradientValues{1}(36) = complex(-0.219237,-0.181116);
dGradientValues{1}(37) = complex(-0.203832,-0.211117);
dGradientValues{1}(38) = complex(-0.18454,-0.239597);
dGradientValues{1}(39) = complex(-0.161555,-0.266065);
dGradientValues{1}(40) = complex(-0.135131,-0.290058);
dGradientValues{1}(41) = complex(-0.10558,-0.311154);
dGradientValues{1}(42) = complex(-0.0732604,-0.328974);
dGradientValues{1}(43) = complex(-0.0385754,-0.343191);
dGradientValues{1}(44) = complex(-0.00196155,-0.35353);
dGradientValues{1}(45) = complex(0.0361168,-0.359773);
dGradientValues{1}(46) = complex(0.0751758,-0.361763);
dGradientValues{1}(47) = complex(0.114719,-0.359399);
dGradientValues{1}(48) = complex(0.154247,-0.352643);
dGradientValues{1}(49) = complex(0.193261,-0.341514);
dGradientValues{1}(50) = complex(0.231272,-0.326089);
dGradientValues{1}(51) = complex(0.267808,-0.306496);
dGradientValues{1}(52) = complex(0.302417,-0.282919);
dGradientValues{1}(53) = complex(0.334674,-0.255587);
dGradientValues{1}(54) = complex(0.364186,-0.224771);
dGradientValues{1}(55) = complex(0.390594,-0.190785);
dGradientValues{1}(56) = complex(0.41358,-0.153973);
dGradientValues{1}(57) = complex(0.432866,-0.114711);
dGradientValues{1}(58) = complex(0.448218,-0.0733973);
dGradientValues{1}(59) = complex(0.459446,-0.0304493);
dGradientValues{1}(60) = complex(0.466409,0.0137016);
dGradientValues{1}(61) = complex(0.469009,0.0586157);
dGradientValues{1}(62) = complex(0.467197,0.10385);
dGradientValues{1}(63) = complex(0.460968,0.148961);
dGradientValues{1}(64) = complex(0.450362,0.193515);
dGradientValues{1}(65) = complex(0.435461,0.237083);
dGradientValues{1}(66) = complex(0.416389,0.279255);
dGradientValues{1}(67) = complex(0.393308,0.319637);
dGradientValues{1}(68) = complex(0.366415,0.357854);
dGradientValues{1}(69) = complex(0.335943,0.39356);
dGradientValues{1}(70) = complex(0.302152,0.426431);
dGradientValues{1}(71) = complex(0.265331,0.456175);
dGradientValues{1}(72) = complex(0.225791,0.482531);
dGradientValues{1}(73) = complex(0.183864,0.505269);
dGradientValues{1}(74) = complex(0.1399,0.524195);
dGradientValues{1}(75) = complex(0.0942601,0.539149);
dGradientValues{1}(76) = complex(0.0473162,0.550005);
dGradientValues{1}(77) = complex(-0.000553318,0.556674);
dGradientValues{1}(78) = complex(-0.0489669,0.559102);
dGradientValues{1}(79) = complex(-0.0975434,0.557268);
dGradientValues{1}(80) = complex(-0.145905,0.551189);
dGradientValues{1}(81) = complex(-0.193679,0.540912);
dGradientValues{1}(82) = complex(-0.240503,0.526516);
dGradientValues{1}(83) = complex(-0.286026,0.508114);
dGradientValues{1}(84) = complex(-0.32991,0.485844);
dGradientValues{1}(85) = complex(-0.371835,0.459874);
dGradientValues{1}(86) = complex(-0.411498,0.430397);
dGradientValues{1}(87) = complex(-0.448616,0.397628);
dGradientValues{1}(88) = complex(-0.48293,0.361805);
dGradientValues{1}(89) = complex(-0.514201,0.323184);
dGradientValues{1}(90) = complex(-0.542216,0.282039);
dGradientValues{1}(91) = complex(-0.566788,0.238656);
dGradientValues{1}(92) = complex(-0.587756,0.193336);
dGradientValues{1}(93) = complex(-0.604983,0.146388);
dGradientValues{1}(94) = complex(-0.618362,0.0981292);
dGradientValues{1}(95) = complex(-0.627812,0.0488814);
dGradientValues{1}(96) = complex(-0.633279,-0.00103058);
dGradientValues{1}(97) = complex(-0.634736,-0.0512812);
dGradientValues{1}(98) = complex(-0.632183,-0.101547);
dGradientValues{1}(99) = complex(-0.625644,-0.151507);
dGradientValues{1}(100) = complex(-0.615171,-0.200847);
dGradientValues{1}(101) = complex(-0.600837,-0.24926);
dGradientValues{1}(102) = complex(-0.582741,-0.296448);
dGradientValues{1}(103) = complex(-0.561004,-0.342124);
dGradientValues{1}(104) = complex(-0.535767,-0.386015);
dGradientValues{1}(105) = complex(-0.50719,-0.427859);
dGradientValues{1}(106) = complex(-0.475455,-0.467412);
dGradientValues{1}(107) = complex(-0.440756,-0.504446);
dGradientValues{1}(108) = complex(-0.403307,-0.538749);
dGradientValues{1}(109) = complex(-0.363332,-0.570128);
dGradientValues{1}(110) = complex(-0.32107,-0.598411);
dGradientValues{1}(111) = complex(-0.27677,-0.623443);
dGradientValues{1}(112) = complex(-0.230688,-0.645091);
dGradientValues{1}(113) = complex(-0.183091,-0.663242);
dGradientValues{1}(114) = complex(-0.134248,-0.677805);
dGradientValues{1}(115) = complex(-0.0844345,-0.688709);
dGradientValues{1}(116) = complex(-0.0339279,-0.695904);
dGradientValues{1}(117) = complex(0.016994,-0.699362);
dGradientValues{1}(118) = complex(0.0680536,-0.699075);
dGradientValues{1}(119) = complex(0.118976,-0.695054);
dGradientValues{1}(120) = complex(0.169489,-0.687333);
dGradientValues{1}(121) = complex(0.219325,-0.675964);
dGradientValues{1}(122) = complex(0.268226,-0.661016);
dGradientValues{1}(123) = complex(0.315937,-0.642578);
dGradientValues{1}(124) = complex(0.362215,-0.620757);
dGradientValues{1}(125) = complex(0.406826,-0.595675);
dGradientValues{1}(126) = complex(0.449547,-0.567469);
dGradientValues{1}(127) = complex(0.490165,-0.536293);
dGradientValues{1}(128) = complex(0.528483,-0.502312);
dGradientValues{1}(129) = complex(0.564315,-0.465705);
dGradientValues{1}(130) = complex(0.597491,-0.426661);
dGradientValues{1}(131) = complex(0.627855,-0.385382);
dGradientValues{1}(132) = complex(0.655266,-0.342075);
dGradientValues{1}(133) = complex(0.679598,-0.296959);
dGradientValues{1}(134) = complex(0.700745,-0.250256);
dGradientValues{1}(135) = complex(0.718612,-0.202197);
dGradientValues{1}(136) = complex(0.733126,-0.153015);
dGradientValues{1}(137) = complex(0.744226,-0.102947);
dGradientValues{1}(138) = complex(0.75187,-0.0522315);
dGradientValues{1}(139) = complex(0.756034,-0.00110835);
dGradientValues{1}(140) = complex(0.756707,0.0501831);
dGradientValues{1}(141) = complex(0.753897,0.101405);
dGradientValues{1}(142) = complex(0.747627,0.152322);
dGradientValues{1}(143) = complex(0.737936,0.202701);
dGradientValues{1}(144) = complex(0.724878,0.252317);
