dMaxGradAmpl=25.22;
NumberOfLaunTrackPoints=0;
NumberOfLoopPoints=56;
NumberOfBrakeRunPoints=27;
dGradientValues{1}(1) = complex(0,0);
dGradientValues{1}(2) = complex(0.00170504,9.28925e-006);
dGradientValues{1}(3) = complex(0.00997766,0.000317638);
dGradientValues{1}(4) = complex(0.0191145,0.00178884);
dGradientValues{1}(5) = complex(0.0270264,0.00524205);
dGradientValues{1}(6) = complex(0.0332974,0.011107);
dGradientValues{1}(7) = complex(0.0373958,0.0194313);
dGradientValues{1}(8) = complex(0.038731,0.0299124);
dGradientValues{1}(9) = complex(0.0367437,0.0419413);
dGradientValues{1}(10) = complex(0.0310016,0.0546611);
dGradientValues{1}(11) = complex(0.0212811,0.0670407);
dGradientValues{1}(12) = complex(0.00762311,0.0779606);
dGradientValues{1}(13) = complex(-0.00964071,0.0863049);
dGradientValues{1}(14) = complex(-0.0298917,0.0910505);
dGradientValues{1}(15) = complex(-0.0522559,0.0913476);
dGradientValues{1}(16) = complex(-0.0756566,0.0865834);
dGradientValues{1}(17) = complex(-0.0988827,0.0764271);
dGradientValues{1}(18) = complex(-0.120664,0.0608522);
dGradientValues{1}(19) = complex(-0.13975,0.0401386);
dGradientValues{1}(20) = complex(-0.154979,0.014854);
dGradientValues{1}(21) = complex(-0.165345,-0.0141802);
dGradientValues{1}(22) = complex(-0.170044,-0.045936);
dGradientValues{1}(23) = complex(-0.168517,-0.0792338);
dGradientValues{1}(24) = complex(-0.160465,-0.112803);
dGradientValues{1}(25) = complex(-0.14586,-0.14534);
dGradientValues{1}(26) = complex(-0.124939,-0.175569);
dGradientValues{1}(27) = complex(-0.0981851,-0.202293);
dGradientValues{1}(28) = complex(-0.066303,-0.224439);
dGradientValues{1}(29) = complex(-0.0301816,-0.241095);
dGradientValues{1}(30) = complex(0.00914278,-0.25154);
dGradientValues{1}(31) = complex(0.0505293,-0.255262);
dGradientValues{1}(32) = complex(0.0927752,-0.251966);
dGradientValues{1}(33) = complex(0.134658,-0.241579);
dGradientValues{1}(34) = complex(0.174974,-0.22424);
dGradientValues{1}(35) = complex(0.212577,-0.200294);
dGradientValues{1}(36) = complex(0.246407,-0.170265);
dGradientValues{1}(37) = complex(0.275522,-0.134842);
dGradientValues{1}(38) = complex(0.299113,-0.0948465);
dGradientValues{1}(39) = complex(0.316528,-0.0512112);
dGradientValues{1}(40) = complex(0.327277,-0.0049463);
dGradientValues{1}(41) = complex(0.331041,0.0428873);
dGradientValues{1}(42) = complex(0.327674,0.0912068);
dGradientValues{1}(43) = complex(0.317195,0.138934);
dGradientValues{1}(44) = complex(0.299789,0.185023);
dGradientValues{1}(45) = complex(0.275787,0.228477);
dGradientValues{1}(46) = complex(0.24566,0.268377);
dGradientValues{1}(47) = complex(0.210001,0.303892);
dGradientValues{1}(48) = complex(0.169505,0.334296);
dGradientValues{1}(49) = complex(0.124955,0.35898);
dGradientValues{1}(50) = complex(0.0772005,0.377458);
dGradientValues{1}(51) = complex(0.0271377,0.389372);
dGradientValues{1}(52) = complex(-0.0243088,0.394497);
dGradientValues{1}(53) = complex(-0.0762052,0.392737);
dGradientValues{1}(54) = complex(-0.127626,0.384125);
dGradientValues{1}(55) = complex(-0.177671,0.368814);
dGradientValues{1}(56) = complex(-0.217865,0.351469);
dGradientValues{1}(57) = complex(-0.186741,0.301259);
dGradientValues{1}(58) = complex(-0.155618,0.25105);
dGradientValues{1}(59) = complex(-0.124494,0.20084);
dGradientValues{1}(60) = complex(-0.0933705,0.15063);
dGradientValues{1}(61) = complex(-0.062247,0.10042);
dGradientValues{1}(62) = complex(-0.0311235,0.0502099);
dGradientValues{1}(63) = complex(0,0);
dGradientValues{1}(64) = complex(0,0);
dGradientValues{1}(65) = complex(-0.0351126,-0.0419759);
dGradientValues{1}(66) = complex(-0.0702251,-0.0839517);
dGradientValues{1}(67) = complex(-0.105338,-0.125928);
dGradientValues{1}(68) = complex(-0.14045,-0.167903);
dGradientValues{1}(69) = complex(-0.175563,-0.209879);
dGradientValues{1}(70) = complex(-0.210675,-0.251855);
dGradientValues{1}(71) = complex(-0.245788,-0.293831);
dGradientValues{1}(72) = complex(-0.210675,-0.335807);
dGradientValues{1}(73) = complex(-0.175563,-0.377783);
dGradientValues{1}(74) = complex(-0.14045,-0.335807);
dGradientValues{1}(75) = complex(-0.105338,-0.293831);
dGradientValues{1}(76) = complex(-0.0702251,-0.251855);
dGradientValues{1}(77) = complex(-0.0351126,-0.209879);
dGradientValues{1}(78) = complex(0,-0.167903);
dGradientValues{1}(79) = complex(0,-0.125928);
dGradientValues{1}(80) = complex(0,-0.0839517);
dGradientValues{1}(81) = complex(0,-0.0419759);
dGradientValues{1}(82) = complex(0,0);
dGradientValues{1}(83) = complex(0,0);