dMaxGradAmpl=25.22;
NumberOfLaunTrackPoints=0;
NumberOfLoopPoints=117;
NumberOfBrakeRunPoints=49;
dGradientValues{1}(1) = complex(0,0);
dGradientValues{1}(2) = complex(0.00167437,3.12791e-006);
dGradientValues{1}(3) = complex(0.00992454,0.000109783);
dGradientValues{1}(4) = complex(0.0194505,0.000638353);
dGradientValues{1}(5) = complex(0.0284344,0.0019455);
dGradientValues{1}(6) = complex(0.0367732,0.00431377);
dGradientValues{1}(7) = complex(0.0443485,0.00794635);
dGradientValues{1}(8) = complex(0.0510165,0.0129684);
dGradientValues{1}(9) = complex(0.0566075,0.0194298);
dGradientValues{1}(10) = complex(0.0609321,0.0273086);
dGradientValues{1}(11) = complex(0.0637898,0.0365148);
dGradientValues{1}(12) = complex(0.0649797,0.0468953);
dGradientValues{1}(13) = complex(0.0643123,0.0582394);
dGradientValues{1}(14) = complex(0.0616205,0.0702854);
dGradientValues{1}(15) = complex(0.0567699,0.0827287);
dGradientValues{1}(16) = complex(0.0496679,0.0952305);
dGradientValues{1}(17) = complex(0.0402704,0.107428);
dGradientValues{1}(18) = complex(0.0285878,0.118943);
dGradientValues{1}(19) = complex(0.0146872,0.129395);
dGradientValues{1}(20) = complex(-0.00130628,0.138412);
dGradientValues{1}(21) = complex(-0.0192102,0.145635);
dGradientValues{1}(22) = complex(-0.0387882,0.150736);
dGradientValues{1}(23) = complex(-0.0597543,0.153422);
dGradientValues{1}(24) = complex(-0.0817788,0.153443);
dGradientValues{1}(25) = complex(-0.104496,0.150597);
dGradientValues{1}(26) = complex(-0.12751,0.144739);
dGradientValues{1}(27) = complex(-0.150408,0.135783);
dGradientValues{1}(28) = complex(-0.172763,0.123699);
dGradientValues{1}(29) = complex(-0.194149,0.108523);
dGradientValues{1}(30) = complex(-0.214143,0.0903457);
dGradientValues{1}(31) = complex(-0.23234,0.0693195);
dGradientValues{1}(32) = complex(-0.248358,0.0456495);
dGradientValues{1}(33) = complex(-0.261842,0.0195915);
dGradientValues{1}(34) = complex(-0.272475,-0.00855376);
dGradientValues{1}(35) = complex(-0.279982,-0.038446);
dGradientValues{1}(36) = complex(-0.284132,-0.0697122);
dGradientValues{1}(37) = complex(-0.284744,-0.101953);
dGradientValues{1}(38) = complex(-0.281689,-0.134749);
dGradientValues{1}(39) = complex(-0.274889,-0.167669);
dGradientValues{1}(40) = complex(-0.264321,-0.200277);
dGradientValues{1}(41) = complex(-0.250014,-0.232136);
dGradientValues{1}(42) = complex(-0.232047,-0.26282);
dGradientValues{1}(43) = complex(-0.21055,-0.291912);
dGradientValues{1}(44) = complex(-0.1857,-0.319019);
dGradientValues{1}(45) = complex(-0.157715,-0.343769);
dGradientValues{1}(46) = complex(-0.126856,-0.365819);
dGradientValues{1}(47) = complex(-0.0934151,-0.384861);
dGradientValues{1}(48) = complex(-0.0577192,-0.400621);
dGradientValues{1}(49) = complex(-0.0201195,-0.412863);
dGradientValues{1}(50) = complex(0.0190111,-0.421394);
dGradientValues{1}(51) = complex(0.0592832,-0.42606);
dGradientValues{1}(52) = complex(0.100296,-0.426754);
dGradientValues{1}(53) = complex(0.141641,-0.423409);
dGradientValues{1}(54) = complex(0.18291,-0.416002);
dGradientValues{1}(55) = complex(0.223694,-0.404552);
dGradientValues{1}(56) = complex(0.263595,-0.389121);
dGradientValues{1}(57) = complex(0.302222,-0.369807);
dGradientValues{1}(58) = complex(0.3392,-0.34675);
dGradientValues{1}(59) = complex(0.374174,-0.320122);
dGradientValues{1}(60) = complex(0.406808,-0.29013);
dGradientValues{1}(61) = complex(0.436791,-0.257008);
dGradientValues{1}(62) = complex(0.463839,-0.221021);
dGradientValues{1}(63) = complex(0.487695,-0.182455);
dGradientValues{1}(64) = complex(0.508134,-0.141618);
dGradientValues{1}(65) = complex(0.524962,-0.0988348);
dGradientValues{1}(66) = complex(0.538017,-0.0544445);
dGradientValues{1}(67) = complex(0.54717,-0.00879718);
dGradientValues{1}(68) = complex(0.552328,0.0377497);
dGradientValues{1}(69) = complex(0.553428,0.0848346);
dGradientValues{1}(70) = complex(0.550444,0.132095);
dGradientValues{1}(71) = complex(0.54338,0.179169);
dGradientValues{1}(72) = complex(0.532273,0.225701);
dGradientValues{1}(73) = complex(0.517191,0.271343);
dGradientValues{1}(74) = complex(0.498231,0.315755);
dGradientValues{1}(75) = complex(0.475519,0.358613);
dGradientValues{1}(76) = complex(0.449208,0.399604);
dGradientValues{1}(77) = complex(0.419474,0.438434);
dGradientValues{1}(78) = complex(0.386519,0.474828);
dGradientValues{1}(79) = complex(0.350562,0.508528);
dGradientValues{1}(80) = complex(0.311844,0.539301);
dGradientValues{1}(81) = complex(0.270621,0.566935);
dGradientValues{1}(82) = complex(0.227165,0.591242);
dGradientValues{1}(83) = complex(0.181759,0.612059);
dGradientValues{1}(84) = complex(0.134698,0.629246);
dGradientValues{1}(85) = complex(0.086282,0.642691);
dGradientValues{1}(86) = complex(0.036819,0.652307);
dGradientValues{1}(87) = complex(-0.0133802,0.658031);
dGradientValues{1}(88) = complex(-0.0640033,0.659828);
dGradientValues{1}(89) = complex(-0.114739,0.657685);
dGradientValues{1}(90) = complex(-0.165277,0.651618);
dGradientValues{1}(91) = complex(-0.215314,0.641662);
dGradientValues{1}(92) = complex(-0.264551,0.62788);
dGradientValues{1}(93) = complex(-0.312698,0.610355);
dGradientValues{1}(94) = complex(-0.359473,0.589191);
dGradientValues{1}(95) = complex(-0.404608,0.564514);
dGradientValues{1}(96) = complex(-0.447844,0.536468);
dGradientValues{1}(97) = complex(-0.488939,0.505216);
dGradientValues{1}(98) = complex(-0.527663,0.470937);
dGradientValues{1}(99) = complex(-0.563803,0.433825);
dGradientValues{1}(100) = complex(-0.597164,0.394089);
dGradientValues{1}(101) = complex(-0.627567,0.35195);
dGradientValues{1}(102) = complex(-0.654851,0.307638);
dGradientValues{1}(103) = complex(-0.678874,0.261395);
dGradientValues{1}(104) = complex(-0.699515,0.21347);
dGradientValues{1}(105) = complex(-0.716668,0.164119);
dGradientValues{1}(106) = complex(-0.730252,0.113601);
dGradientValues{1}(107) = complex(-0.740201,0.0621809);
dGradientValues{1}(108) = complex(-0.746471,0.0101238);
dGradientValues{1}(109) = complex(-0.749038,-0.0423039);
dGradientValues{1}(110) = complex(-0.747894,-0.0948367);
dGradientValues{1}(111) = complex(-0.743054,-0.147211);
dGradientValues{1}(112) = complex(-0.734549,-0.199168);
dGradientValues{1}(113) = complex(-0.722429,-0.250452);
dGradientValues{1}(114) = complex(-0.706759,-0.300814);
dGradientValues{1}(115) = complex(-0.687624,-0.350011);
dGradientValues{1}(116) = complex(-0.665124,-0.39781);
dGradientValues{1}(117) = complex(-0.652913,-0.421259);
dGradientValues{1}(118) = complex(-0.602689,-0.388855);
dGradientValues{1}(119) = complex(-0.552465,-0.35645);
dGradientValues{1}(120) = complex(-0.502241,-0.324046);
dGradientValues{1}(121) = complex(-0.452017,-0.291641);
dGradientValues{1}(122) = complex(-0.401792,-0.259236);
dGradientValues{1}(123) = complex(-0.351568,-0.226832);
dGradientValues{1}(124) = complex(-0.301344,-0.194427);
dGradientValues{1}(125) = complex(-0.25112,-0.162023);
dGradientValues{1}(126) = complex(-0.200896,-0.129618);
dGradientValues{1}(127) = complex(-0.150672,-0.0972137);
dGradientValues{1}(128) = complex(-0.100448,-0.0648091);
dGradientValues{1}(129) = complex(-0.0502241,-0.0324046);
dGradientValues{1}(130) = complex(0,0);
dGradientValues{1}(131) = complex(0,0);
dGradientValues{1}(132) = complex(0.0411519,-0.0411913);
dGradientValues{1}(133) = complex(0.0823038,-0.0823826);
dGradientValues{1}(134) = complex(0.123456,-0.123574);
dGradientValues{1}(135) = complex(0.164608,-0.164765);
dGradientValues{1}(136) = complex(0.205759,-0.205957);
dGradientValues{1}(137) = complex(0.246911,-0.247148);
dGradientValues{1}(138) = complex(0.288063,-0.288339);
dGradientValues{1}(139) = complex(0.329215,-0.329531);
dGradientValues{1}(140) = complex(0.370367,-0.370722);
dGradientValues{1}(141) = complex(0.411519,-0.411913);
dGradientValues{1}(142) = complex(0.452671,-0.453104);
dGradientValues{1}(143) = complex(0.493823,-0.494296);
dGradientValues{1}(144) = complex(0.534975,-0.453104);
dGradientValues{1}(145) = complex(0.576126,-0.411913);
